Time	Outer_Coil_Voltage	Outer_Coil_STDV	Inner_Coil_Voltage	Inner_Coil_STDV
0.000000E+0	-3.445785E-4	NaN	5.264000E-6	NaN
8.710000E-1	-3.446632E-4	NaN	5.556000E-6	NaN
1.743000E+0	-3.448129E-4	NaN	5.055000E-6	NaN
2.615000E+0	-3.021662E-4	NaN	5.420000E-6	NaN
3.486000E+0	6.081562E-3	NaN	-1.235500E-5	NaN
4.358000E+0	2.574723E-2	NaN	-1.159200E-5	NaN
5.276000E+0	4.433449E-2	NaN	-1.227100E-5	NaN
6.147000E+0	6.287315E-2	NaN	-1.248000E-5	NaN
7.018000E+0	8.137060E-2	NaN	-1.200000E-5	NaN
7.889000E+0	9.983237E-2	NaN	-1.245900E-5	NaN
8.760000E+0	1.182662E-1	NaN	-1.226100E-5	NaN
9.631000E+0	1.835590E-1	NaN	-1.861000E-5	NaN
1.056700E+1	2.139965E-1	NaN	-1.855800E-5	NaN
1.143900E+1	2.391637E-1	NaN	-1.876700E-5	NaN
1.231000E+1	2.643028E-1	NaN	-1.873600E-5	NaN
1.318100E+1	2.894078E-1	NaN	-1.897600E-5	NaN
1.405300E+1	3.144975E-1	NaN	-1.893400E-5	NaN
1.492400E+1	3.395426E-1	NaN	-1.887200E-5	NaN
1.579500E+1	3.645775E-1	NaN	-1.847500E-5	NaN
1.666600E+1	3.895842E-1	NaN	-1.914300E-5	NaN
1.753800E+1	4.145664E-1	NaN	-1.898600E-5	NaN
1.840900E+1	4.395243E-1	NaN	-1.908000E-5	NaN
1.928100E+1	4.644504E-1	NaN	-1.893400E-5	NaN
2.015200E+1	4.893569E-1	NaN	-1.922700E-5	NaN
2.102400E+1	5.142279E-1	NaN	-1.920600E-5	NaN
2.189500E+1	5.390786E-1	NaN	-1.934200E-5	NaN
2.276600E+1	5.639091E-1	NaN	-1.945600E-5	NaN
2.363700E+1	5.887112E-1	NaN	-1.931000E-5	NaN
2.450800E+1	6.134988E-1	NaN	-1.946700E-5	NaN
2.537900E+1	6.382698E-1	NaN	-1.911200E-5	NaN
2.625000E+1	6.630313E-1	NaN	-1.896600E-5	NaN
2.712100E+1	6.877807E-1	NaN	-1.860000E-5	NaN
2.799200E+1	7.125234E-1	NaN	-1.814100E-5	NaN
2.886400E+1	7.372462E-1	NaN	-1.748300E-5	NaN
2.973500E+1	7.619553E-1	NaN	-1.655300E-5	NaN
3.060600E+1	7.866513E-1	NaN	-1.535200E-5	NaN
3.147700E+1	8.113271E-1	NaN	-1.329500E-5	NaN
3.234800E+1	8.359911E-1	NaN	-1.106000E-5	NaN
3.321900E+1	8.606322E-1	NaN	-7.154000E-6	NaN
3.409000E+1	8.852628E-1	NaN	-1.086000E-6	NaN
3.496100E+1	9.098775E-1	NaN	9.253000E-6	NaN
3.583200E+1	9.344699E-1	NaN	3.545600E-5	NaN
3.670500E+1	9.590479E-1	NaN	1.030150E-4	NaN
3.757600E+1	9.835880E-1	NaN	3.424140E-4	NaN
3.844700E+1	1.008136E+0	NaN	2.361500E-4	NaN
3.931800E+1	1.032675E+0	NaN	4.700000E-6	NaN
4.018900E+1	1.057194E+0	NaN	3.916000E-6	NaN
4.106000E+1	1.081679E+0	NaN	3.749000E-6	NaN
4.193100E+1	1.106142E+0	NaN	3.123000E-6	NaN
4.280200E+1	1.130589E+0	NaN	3.060000E-6	NaN
4.367300E+1	1.155019E+0	NaN	3.102000E-6	NaN
4.454400E+1	1.179425E+0	NaN	3.196000E-6	NaN
4.541500E+1	1.205199E+0	NaN	3.185000E-6	NaN
4.633300E+1	1.229564E+0	NaN	3.081000E-6	NaN
4.720400E+1	1.253906E+0	NaN	2.694000E-6	NaN
4.807500E+1	1.278215E+0	NaN	2.997000E-6	NaN
4.894700E+1	1.302497E+0	NaN	2.987000E-6	NaN
4.981800E+1	1.326762E+0	NaN	2.830000E-6	NaN
5.068900E+1	1.350995E+0	NaN	2.694000E-6	NaN
5.156000E+1	1.375200E+0	NaN	2.433000E-6	NaN
5.243100E+1	1.399351E+0	NaN	2.820000E-6	NaN
5.330300E+1	1.423460E+0	NaN	2.423000E-6	NaN
5.417500E+1	1.447507E+0	NaN	2.277000E-6	NaN
5.504600E+1	1.456281E+0	NaN	1.399000E-6	NaN
5.591800E+1	1.456297E+0	NaN	1.953000E-6	NaN
5.678900E+1	1.456261E+0	NaN	1.358000E-6	NaN
5.766100E+1	1.456299E+0	NaN	1.598000E-6	NaN
5.853200E+1	1.456299E+0	NaN	1.389000E-6	NaN
5.940400E+1	1.447624E+0	NaN	-1.000000E-8	NaN
6.027500E+1	1.420566E+0	NaN	3.450000E-7	NaN
6.114700E+1	1.393751E+0	NaN	1.670000E-7	NaN
6.201900E+1	1.367102E+0	NaN	2.610000E-7	NaN
6.289000E+1	1.340583E+0	NaN	1.570000E-7	NaN
6.376200E+1	1.314149E+0	NaN	5.640000E-7	NaN
6.463300E+1	1.287792E+0	NaN	-3.100000E-8	NaN
6.550500E+1	1.261496E+0	NaN	1.040000E-7	NaN
6.637600E+1	1.235254E+0	NaN	-1.250000E-7	NaN
6.724700E+1	1.209063E+0	NaN	-1.460000E-7	NaN
6.811900E+1	1.182908E+0	NaN	-1.570000E-7	NaN
6.899100E+1	1.156792E+0	NaN	-3.240000E-7	NaN
6.986200E+1	1.130715E+0	NaN	-2.720000E-7	NaN
7.073300E+1	1.104666E+0	NaN	-7.000000E-7	NaN
7.160600E+1	1.078646E+0	NaN	-3.860000E-7	NaN
7.247700E+1	1.052642E+0	NaN	-2.190000E-7	NaN
7.334800E+1	1.026668E+0	NaN	-8.024800E-5	NaN
7.422000E+1	9.957158E-1	NaN	-1.160070E-4	NaN
7.525700E+1	9.697748E-1	NaN	-4.356000E-5	NaN
7.612900E+1	9.438646E-1	NaN	2.510000E-7	NaN
7.700000E+1	9.179703E-1	NaN	1.277300E-5	NaN
7.787100E+1	8.920969E-1	NaN	1.612500E-5	NaN
7.874200E+1	8.662389E-1	NaN	1.347000E-6	NaN
7.961300E+1	8.403898E-1	NaN	-2.924000E-6	NaN
8.048400E+1	8.145510E-1	NaN	-6.078000E-6	NaN
8.135500E+1	7.887292E-1	NaN	-5.525000E-6	NaN
8.222700E+1	7.629213E-1	NaN	-4.271000E-6	NaN
8.309800E+1	7.371203E-1	NaN	-2.924000E-6	NaN
8.396900E+1	7.113328E-1	NaN	4.800000E-7	NaN
8.484000E+1	6.855567E-1	NaN	1.117000E-6	NaN
8.571200E+1	6.597885E-1	NaN	3.373000E-6	NaN
8.658300E+1	6.340257E-1	NaN	3.457000E-6	NaN
8.745400E+1	6.082750E-1	NaN	4.313000E-6	NaN
8.832600E+1	5.825348E-1	NaN	6.673000E-6	NaN
8.919800E+1	5.568085E-1	NaN	7.352000E-6	NaN
9.006900E+1	5.310875E-1	NaN	7.592000E-6	NaN
9.094100E+1	5.053865E-1	NaN	8.585000E-6	NaN
9.181200E+1	4.796847E-1	NaN	1.076700E-5	NaN
9.268300E+1	4.539971E-1	NaN	1.242800E-5	NaN
9.355500E+1	4.283149E-1	NaN	1.363900E-5	NaN
9.442600E+1	4.026412E-1	NaN	1.555000E-5	NaN
9.529700E+1	3.769799E-1	NaN	1.591600E-5	NaN
9.616800E+1	3.513254E-1	NaN	1.561300E-5	NaN
9.704000E+1	3.256787E-1	NaN	1.748300E-5	NaN
9.791100E+1	3.000530E-1	NaN	1.713800E-5	NaN
9.878200E+1	2.744296E-1	NaN	1.691900E-5	NaN
9.965300E+1	2.488091E-1	NaN	1.750300E-5	NaN
1.005250E+2	2.231966E-1	NaN	1.654300E-5	NaN
1.013960E+2	1.976023E-1	NaN	1.745100E-5	NaN
1.022670E+2	1.720159E-1	NaN	1.808800E-5	NaN
1.031380E+2	1.464354E-1	NaN	1.791100E-5	NaN
1.040090E+2	1.208614E-1	NaN	1.824500E-5	NaN
1.048800E+2	6.928932E-2	NaN	1.196800E-5	NaN
1.058170E+2	4.923573E-2	NaN	1.297100E-5	NaN
1.066890E+2	3.059611E-2	NaN	1.348300E-5	NaN
1.075600E+2	1.196221E-2	NaN	1.311700E-5	NaN
1.084320E+2	-2.308896E-4	NaN	-2.235000E-6	NaN
1.093700E+2	-2.901266E-4	NaN	-1.295000E-6	NaN
1.102410E+2	-3.080646E-4	NaN	-8.460000E-7	NaN
1.111130E+2	-3.139325E-4	NaN	-8.350000E-7	NaN
1.119840E+2	-3.181511E-4	NaN	-9.820000E-7	NaN
1.128560E+2	-3.215235E-4	NaN	-7.100000E-7	NaN
1.137270E+2	-3.240538E-4	NaN	-3.340000E-7	NaN
1.145990E+2	-3.259591E-4	NaN	-5.540000E-7	NaN
1.154700E+2	-3.274608E-4	NaN	-7.830000E-7	NaN
1.163410E+2	-3.288909E-4	NaN	-1.222000E-6	NaN
1.172130E+2	-3.299912E-4	NaN	-1.044000E-6	NaN
1.180840E+2	-3.312498E-4	NaN	-7.000000E-7	NaN
1.189550E+2	-3.321265E-4	NaN	-8.560000E-7	NaN
1.198260E+2	-3.329902E-4	NaN	-7.940000E-7	NaN
1.206980E+2	-3.336022E-4	NaN	-8.880000E-7	NaN
1.215690E+2	-3.347111E-4	NaN	-6.060000E-7	NaN
1.224400E+2	-3.353057E-4	NaN	-8.770000E-7	NaN
1.233120E+2	-3.356551E-4	NaN	-9.290000E-7	NaN
1.241840E+2	-3.361434E-4	NaN	-8.460000E-7	NaN
1.250550E+2	-3.366685E-4	NaN	-8.350000E-7	NaN
1.259270E+2	-3.371525E-4	NaN	-9.400000E-7	NaN
1.267990E+2	-3.374368E-4	NaN	-8.670000E-7	NaN
1.276700E+2	-3.379055E-4	NaN	-9.400000E-7	NaN
1.285410E+2	-3.381724E-4	NaN	-9.610000E-7	NaN
1.294130E+2	-3.386455E-4	NaN	-8.460000E-7	NaN
