Time	Outer_Coil_Voltage	Outer_Coil_STDV	Inner_Coil_Voltage	Inner_Coil_STDV
0.000000E+0	-3.302755E-4	NaN	-2.329000E-6	NaN
8.710000E-1	-3.316752E-4	NaN	-2.736000E-6	NaN
1.746000E+0	-3.340210E-4	NaN	-2.517000E-6	NaN
2.617000E+0	-3.355466E-4	NaN	-2.527000E-6	NaN
3.488000E+0	-3.371373E-4	NaN	-2.935000E-6	NaN
4.359000E+0	-3.383590E-4	NaN	-3.029000E-6	NaN
5.231000E+0	-3.386477E-4	NaN	-2.674000E-6	NaN
6.103000E+0	-3.395808E-4	NaN	-2.736000E-6	NaN
6.974000E+0	-3.403599E-4	NaN	-2.799000E-6	NaN
7.845000E+0	-3.407396E-4	NaN	-2.423000E-6	NaN
8.717000E+0	-3.412887E-4	NaN	-2.715000E-6	NaN
9.588000E+0	-3.414254E-4	NaN	-2.642000E-6	NaN
1.046000E+1	-3.416381E-4	NaN	-2.914000E-6	NaN
1.133100E+1	-3.421936E-4	NaN	-2.820000E-6	NaN
1.220200E+1	-3.011094E-4	NaN	-2.715000E-6	NaN
1.307300E+1	5.310852E-3	NaN	-2.022900E-5	NaN
1.394400E+1	2.501578E-2	NaN	-2.049000E-5	NaN
1.486200E+1	4.363731E-2	NaN	-2.037500E-5	NaN
1.573400E+1	6.221512E-2	NaN	-2.032300E-5	NaN
1.660500E+1	8.075185E-2	NaN	-2.002000E-5	NaN
1.747600E+1	9.925015E-2	NaN	-2.010400E-5	NaN
1.834700E+1	1.177112E-1	NaN	-2.062600E-5	NaN
1.921800E+1	1.828297E-1	NaN	-2.629700E-5	NaN
2.015400E+1	2.132944E-1	NaN	-2.647400E-5	NaN
2.102600E+1	2.384943E-1	NaN	-2.638000E-5	NaN
2.189700E+1	2.636607E-1	NaN	-2.630700E-5	NaN
2.276800E+1	2.887983E-1	NaN	-2.616100E-5	NaN
2.364000E+1	3.139052E-1	NaN	-2.621300E-5	NaN
2.451100E+1	3.389865E-1	NaN	-2.653700E-5	NaN
2.538300E+1	3.640409E-1	NaN	-2.631800E-5	NaN
2.625400E+1	3.890679E-1	NaN	-2.640100E-5	NaN
2.712500E+1	4.140730E-1	NaN	-2.623400E-5	NaN
2.799600E+1	4.390457E-1	NaN	-2.587900E-5	NaN
2.886800E+1	4.639881E-1	NaN	-2.618200E-5	NaN
2.973900E+1	4.889037E-1	NaN	-2.605700E-5	NaN
3.061000E+1	5.137969E-1	NaN	-2.601500E-5	NaN
3.148100E+1	5.386681E-1	NaN	-2.623400E-5	NaN
3.235200E+1	5.635167E-1	NaN	-2.606700E-5	NaN
3.322300E+1	5.883524E-1	NaN	-2.625500E-5	NaN
3.409400E+1	6.131615E-1	NaN	-2.593100E-5	NaN
3.496500E+1	6.379584E-1	NaN	-2.559700E-5	NaN
3.583600E+1	6.627383E-1	NaN	-2.540900E-5	NaN
3.670700E+1	6.875056E-1	NaN	-2.456300E-5	NaN
3.757900E+1	7.122631E-1	NaN	-2.366500E-5	NaN
3.845000E+1	7.370007E-1	NaN	-2.253700E-5	NaN
3.932100E+1	7.617230E-1	NaN	-2.079300E-5	NaN
4.019200E+1	7.864271E-1	NaN	-1.896600E-5	NaN
4.106400E+1	8.111217E-1	NaN	-1.601000E-5	NaN
4.193500E+1	8.358070E-1	NaN	-1.172800E-5	NaN
4.280700E+1	8.604740E-1	NaN	-4.961000E-6	NaN
4.367800E+1	8.851223E-1	NaN	9.566000E-6	NaN
4.454900E+1	9.097566E-1	NaN	3.831800E-5	NaN
4.542000E+1	9.343684E-1	NaN	1.767680E-4	NaN
4.629100E+1	9.589551E-1	NaN	3.038140E-4	NaN
4.716300E+1	9.835460E-1	NaN	1.858230E-4	NaN
4.803400E+1	1.008141E+0	NaN	-1.201000E-6	NaN
4.890500E+1	1.032693E+0	NaN	-1.525000E-6	NaN
4.977600E+1	1.057210E+0	NaN	-1.995000E-6	NaN
5.064700E+1	1.081710E+0	NaN	-2.057000E-6	NaN
5.151800E+1	1.106195E+0	NaN	-1.838000E-6	NaN
5.238900E+1	1.130663E+0	NaN	-1.943000E-6	NaN
5.326000E+1	1.155103E+0	NaN	-1.379000E-6	NaN
5.413100E+1	1.179523E+0	NaN	-1.838000E-6	NaN
5.500200E+1	1.205300E+0	NaN	-1.671000E-6	NaN
5.592000E+1	1.229675E+0	NaN	-1.514000E-6	NaN
5.679200E+1	1.254034E+0	NaN	-1.901000E-6	NaN
5.766300E+1	1.278370E+0	NaN	-1.838000E-6	NaN
5.853500E+1	1.302674E+0	NaN	-1.671000E-6	NaN
5.940600E+1	1.326954E+0	NaN	-1.828000E-6	NaN
6.027800E+1	1.351202E+0	NaN	-2.172000E-6	NaN
6.114900E+1	1.375415E+0	NaN	-1.817000E-6	NaN
6.202000E+1	1.399587E+0	NaN	-1.640000E-6	NaN
6.289200E+1	1.423717E+0	NaN	-1.692000E-6	NaN
6.376300E+1	1.447785E+0	NaN	-1.107000E-6	NaN
6.463500E+1	1.456953E+0	NaN	-2.684000E-6	NaN
6.550600E+1	1.456857E+0	NaN	-2.684000E-6	NaN
6.637700E+1	1.456800E+0	NaN	-2.872000E-6	NaN
6.724800E+1	1.456815E+0	NaN	-2.600000E-6	NaN
6.812000E+1	1.456834E+0	NaN	-2.600000E-6	NaN
6.899100E+1	1.456811E+0	NaN	-2.548000E-6	NaN
6.986200E+1	1.456811E+0	NaN	-2.621000E-6	NaN
7.073400E+1	1.456842E+0	NaN	-2.527000E-6	NaN
7.160500E+1	1.456863E+0	NaN	-4.021000E-6	NaN
7.247600E+1	1.435707E+0	NaN	-3.551000E-6	NaN
7.334700E+1	1.408883E+0	NaN	-3.875000E-6	NaN
7.421900E+1	1.382247E+0	NaN	-3.791000E-6	NaN
7.509000E+1	1.355749E+0	NaN	-3.801000E-6	NaN
7.596200E+1	1.329343E+0	NaN	-3.843000E-6	NaN
7.683300E+1	1.303020E+0	NaN	-3.812000E-6	NaN
7.770500E+1	1.276752E+0	NaN	-3.561000E-6	NaN
7.857600E+1	1.250539E+0	NaN	-3.676000E-6	NaN
7.944700E+1	1.224374E+0	NaN	-3.822000E-6	NaN
8.031800E+1	1.198255E+0	NaN	-3.822000E-6	NaN
8.118900E+1	1.172160E+0	NaN	-3.655000E-6	NaN
8.206100E+1	1.146104E+0	NaN	-3.770000E-6	NaN
8.293200E+1	1.120080E+0	NaN	-3.812000E-6	NaN
8.380300E+1	1.094070E+0	NaN	-3.749000E-6	NaN
8.467500E+1	1.068077E+0	NaN	-4.010000E-6	NaN
8.554600E+1	1.042111E+0	NaN	-3.707000E-6	NaN
8.641700E+1	1.016168E+0	NaN	-3.927000E-6	NaN
8.728900E+1	9.887877E-1	NaN	-1.268690E-4	NaN
8.820700E+1	9.629010E-1	NaN	-1.231610E-4	NaN
8.907800E+1	9.369953E-1	NaN	-5.134100E-5	NaN
8.994900E+1	9.111123E-1	NaN	-3.833000E-6	NaN
9.082100E+1	8.852497E-1	NaN	1.057900E-5	NaN
9.169200E+1	8.594045E-1	NaN	1.266800E-5	NaN
9.256300E+1	8.335704E-1	NaN	5.540000E-7	NaN
9.343500E+1	8.077527E-1	NaN	-8.386000E-6	NaN
9.430600E+1	7.819449E-1	NaN	-1.010900E-5	NaN
9.517700E+1	7.561485E-1	NaN	-9.201000E-6	NaN
9.604800E+1	7.303658E-1	NaN	-7.509000E-6	NaN
9.691900E+1	7.045884E-1	NaN	-5.880000E-6	NaN
9.779000E+1	6.788285E-1	NaN	-4.365000E-6	NaN
9.866200E+1	6.530679E-1	NaN	5.200000E-8	NaN
9.953300E+1	6.273115E-1	NaN	3.550000E-7	NaN
1.004040E+2	6.015657E-1	NaN	2.893000E-6	NaN
1.012760E+2	5.758343E-1	NaN	3.634000E-6	NaN
1.021470E+2	5.501080E-1	NaN	4.125000E-6	NaN
1.030180E+2	5.244021E-1	NaN	4.501000E-6	NaN
1.038890E+2	4.986970E-1	NaN	6.945000E-6	NaN
1.047600E+2	4.730101E-1	NaN	7.603000E-6	NaN
1.056320E+2	4.473220E-1	NaN	7.916000E-6	NaN
1.065030E+2	4.216434E-1	NaN	8.637000E-6	NaN
1.073740E+2	3.959746E-1	NaN	1.095500E-5	NaN
1.082450E+2	3.703208E-1	NaN	1.366000E-5	NaN
1.091160E+2	3.446580E-1	NaN	1.432900E-5	NaN
1.099880E+2	3.190083E-1	NaN	1.399400E-5	NaN
1.108600E+2	2.933712E-1	NaN	1.497600E-5	NaN
1.117320E+2	2.677447E-1	NaN	1.466300E-5	NaN
1.126030E+2	2.421327E-1	NaN	1.555000E-5	NaN
1.134740E+2	2.165198E-1	NaN	1.488200E-5	NaN
1.143450E+2	1.909269E-1	NaN	1.420300E-5	NaN
1.152160E+2	1.653409E-1	NaN	1.606200E-5	NaN
1.160880E+2	1.397570E-1	NaN	1.508100E-5	NaN
1.169590E+2	1.141922E-1	NaN	1.633400E-5	NaN
1.178300E+2	6.432828E-2	NaN	8.156000E-6	NaN
1.187670E+2	4.438282E-2	NaN	1.092400E-5	NaN
1.196380E+2	2.574574E-2	NaN	1.140400E-5	NaN
1.205090E+2	6.105709E-3	NaN	-5.504000E-6	NaN
1.214280E+2	-2.417400E-4	NaN	-3.509000E-6	NaN
1.222990E+2	-2.990522E-4	NaN	-3.478000E-6	NaN
1.231710E+2	-3.085268E-4	NaN	-3.039000E-6	NaN
1.240420E+2	-3.139694E-4	NaN	-3.175000E-6	NaN
1.249140E+2	-3.180296E-4	NaN	-2.882000E-6	NaN
1.257850E+2	-3.207336E-4	NaN	-3.175000E-6	NaN
1.266570E+2	-3.234114E-4	NaN	-3.196000E-6	NaN
1.275280E+2	-3.252213E-4	NaN	-2.548000E-6	NaN
1.284000E+2	-3.268901E-4	NaN	-2.747000E-6	NaN
1.292720E+2	-3.284113E-4	NaN	-2.517000E-6	NaN
1.301430E+2	-3.294074E-4	NaN	-3.102000E-6	NaN
