Time	Outer_Coil_Voltage	Outer_Coil_STDV	Inner_Coil_Voltage	Inner_Coil_STDV
0.000000E+0	-3.414796E-4	NaN	-2.068000E-6	NaN
8.720000E-1	-3.418117E-4	NaN	-2.224000E-6	NaN
1.743000E+0	-3.419809E-4	NaN	-2.110000E-6	NaN
2.615000E+0	-3.420829E-4	NaN	-2.245000E-6	NaN
3.486000E+0	-3.422587E-4	NaN	-2.287000E-6	NaN
4.357000E+0	-3.007470E-4	NaN	-2.068000E-6	NaN
5.229000E+0	5.303461E-3	NaN	-2.003100E-5	NaN
6.100000E+0	2.499512E-2	NaN	-1.962300E-5	NaN
7.018000E+0	4.360272E-2	NaN	-1.917400E-5	NaN
7.889000E+0	6.216317E-2	NaN	-1.948800E-5	NaN
8.760000E+0	8.068355E-2	NaN	-1.923700E-5	NaN
9.631000E+0	9.916819E-2	NaN	-1.926800E-5	NaN
1.050200E+1	1.176248E-1	NaN	-1.950900E-5	NaN
1.137300E+1	1.827295E-1	NaN	-2.559700E-5	NaN
1.231000E+1	2.131690E-1	NaN	-2.578500E-5	NaN
1.318100E+1	2.383564E-1	NaN	-2.561800E-5	NaN
1.405200E+1	2.635204E-1	NaN	-2.570200E-5	NaN
1.492300E+1	2.886423E-1	NaN	-2.560800E-5	NaN
1.579500E+1	3.137465E-1	NaN	-2.552400E-5	NaN
1.666600E+1	3.388247E-1	NaN	-2.553500E-5	NaN
1.753700E+1	3.638795E-1	NaN	-2.554500E-5	NaN
1.840900E+1	3.889095E-1	NaN	-2.560800E-5	NaN
1.928000E+1	4.139108E-1	NaN	-2.532600E-5	NaN
2.015100E+1	4.388881E-1	NaN	-2.582700E-5	NaN
2.102300E+1	4.638400E-1	NaN	-2.523200E-5	NaN
2.189400E+1	4.887675E-1	NaN	-2.540900E-5	NaN
2.276500E+1	5.136734E-1	NaN	-2.558700E-5	NaN
2.363700E+1	5.385609E-1	NaN	-2.521100E-5	NaN
2.450800E+1	5.634298E-1	NaN	-2.540900E-5	NaN
2.537900E+1	5.882779E-1	NaN	-2.520000E-5	NaN
2.625000E+1	6.131079E-1	NaN	-2.497100E-5	NaN
2.712100E+1	6.379245E-1	NaN	-2.397800E-5	NaN
2.799200E+1	6.627317E-1	NaN	-2.368600E-5	NaN
2.886400E+1	6.875195E-1	NaN	-2.250600E-5	NaN
2.973500E+1	7.122846E-1	NaN	-2.104400E-5	NaN
3.060600E+1	7.370427E-1	NaN	-1.874600E-5	NaN
3.147700E+1	7.617810E-1	NaN	-1.654300E-5	NaN
3.234800E+1	7.865061E-1	NaN	-1.217700E-5	NaN
3.321900E+1	8.112021E-1	NaN	-5.347000E-6	NaN
3.409000E+1	8.358924E-1	NaN	8.230000E-6	NaN
3.496100E+1	8.605729E-1	NaN	3.853700E-5	NaN
3.583300E+1	8.852314E-1	NaN	1.724970E-4	NaN
3.670400E+1	9.098555E-1	NaN	2.854960E-4	NaN
3.757600E+1	9.344890E-1	NaN	1.843500E-4	NaN
3.844700E+1	9.591115E-1	NaN	-8.560000E-7	NaN
3.931800E+1	9.837051E-1	NaN	-1.065000E-6	NaN
4.018900E+1	1.008279E+0	NaN	-1.191000E-6	NaN
4.106000E+1	1.032827E+0	NaN	-1.410000E-6	NaN
4.193100E+1	1.057359E+0	NaN	-1.274000E-6	NaN
4.280200E+1	1.081871E+0	NaN	-1.326000E-6	NaN
4.367300E+1	1.106361E+0	NaN	-1.086000E-6	NaN
4.454400E+1	1.130823E+0	NaN	-1.337000E-6	NaN
4.541500E+1	1.155273E+0	NaN	-8.980000E-7	NaN
4.628600E+1	1.179717E+0	NaN	-1.149000E-6	NaN
4.715700E+1	1.205508E+0	NaN	-1.316000E-6	NaN
4.807500E+1	1.229894E+0	NaN	-1.326000E-6	NaN
4.894700E+1	1.254254E+0	NaN	-1.013000E-6	NaN
4.981800E+1	1.278586E+0	NaN	-1.128000E-6	NaN
5.068900E+1	1.302902E+0	NaN	-1.326000E-6	NaN
5.156000E+1	1.327188E+0	NaN	-1.399000E-6	NaN
5.243200E+1	1.351437E+0	NaN	-1.253000E-6	NaN
5.330400E+1	1.375646E+0	NaN	-9.190000E-7	NaN
5.417500E+1	1.399814E+0	NaN	-1.358000E-6	NaN
5.504700E+1	1.423952E+0	NaN	-1.065000E-6	NaN
5.591800E+1	1.448002E+0	NaN	-1.452000E-6	NaN
5.678900E+1	1.456620E+0	NaN	-2.130000E-6	NaN
5.766100E+1	1.456610E+0	NaN	-2.266000E-6	NaN
5.853200E+1	1.456568E+0	NaN	-1.995000E-6	NaN
5.940400E+1	1.456525E+0	NaN	-2.005000E-6	NaN
6.027500E+1	1.456499E+0	NaN	-2.193000E-6	NaN
6.114600E+1	1.456499E+0	NaN	-2.433000E-6	NaN
6.201800E+1	1.456446E+0	NaN	-1.358000E-6	NaN
6.288900E+1	1.445265E+0	NaN	-3.206000E-6	NaN
6.376000E+1	1.418289E+0	NaN	-3.509000E-6	NaN
6.463200E+1	1.391560E+0	NaN	-3.238000E-6	NaN
6.550300E+1	1.364974E+0	NaN	-3.373000E-6	NaN
6.637400E+1	1.338519E+0	NaN	-3.321000E-6	NaN
6.724500E+1	1.312141E+0	NaN	-3.123000E-6	NaN
6.811600E+1	1.285847E+0	NaN	-3.248000E-6	NaN
6.898800E+1	1.259604E+0	NaN	-3.070000E-6	NaN
6.985900E+1	1.233413E+0	NaN	-3.227000E-6	NaN
7.073200E+1	1.207260E+0	NaN	-3.509000E-6	NaN
7.160300E+1	1.181149E+0	NaN	-3.279000E-6	NaN
7.247400E+1	1.155084E+0	NaN	-3.217000E-6	NaN
7.334500E+1	1.129042E+0	NaN	-3.467000E-6	NaN
7.421600E+1	1.103032E+0	NaN	-3.405000E-6	NaN
7.508800E+1	1.077051E+0	NaN	-3.363000E-6	NaN
7.595900E+1	1.051094E+0	NaN	-3.499000E-6	NaN
7.683000E+1	1.025148E+0	NaN	-3.582000E-6	NaN
7.770100E+1	9.953827E-1	NaN	-3.300000E-6	NaN
7.870000E+1	9.694877E-1	NaN	-3.540000E-6	NaN
7.957100E+1	9.435989E-1	NaN	-1.731500E-5	NaN
8.044200E+1	9.177450E-1	NaN	-1.565910E-4	NaN
8.131400E+1	8.918877E-1	NaN	-7.526700E-5	NaN
8.218500E+1	8.660406E-1	NaN	-1.447500E-5	NaN
8.305600E+1	8.402147E-1	NaN	7.613000E-6	NaN
8.392700E+1	8.144027E-1	NaN	1.443300E-5	NaN
8.479900E+1	7.886063E-1	NaN	1.922000E-6	NaN
8.567000E+1	7.628222E-1	NaN	-6.235000E-6	NaN
8.654100E+1	7.370497E-1	NaN	-9.754000E-6	NaN
8.741200E+1	7.112806E-1	NaN	-9.117000E-6	NaN
8.828400E+1	6.855304E-1	NaN	-7.143000E-6	NaN
8.915600E+1	6.597847E-1	NaN	-3.728000E-6	NaN
9.002600E+1	6.340507E-1	NaN	-1.984000E-6	NaN
9.089800E+1	6.083255E-1	NaN	2.190000E-7	NaN
9.176900E+1	5.826044E-1	NaN	6.790000E-7	NaN
9.264000E+1	5.568991E-1	NaN	2.705000E-6	NaN
9.351100E+1	5.311985E-1	NaN	3.363000E-6	NaN
9.438200E+1	5.055082E-1	NaN	4.104000E-6	NaN
9.525300E+1	4.798208E-1	NaN	5.410000E-6	NaN
9.612500E+1	4.541434E-1	NaN	6.820000E-6	NaN
9.699600E+1	4.284733E-1	NaN	9.169000E-6	NaN
9.786700E+1	4.028172E-1	NaN	9.629000E-6	NaN
9.873800E+1	3.771696E-1	NaN	1.108100E-5	NaN
9.960900E+1	3.515211E-1	NaN	1.249100E-5	NaN
1.004800E+2	3.258817E-1	NaN	1.373300E-5	NaN
1.013520E+2	3.002504E-1	NaN	1.359800E-5	NaN
1.022230E+2	2.746280E-1	NaN	1.395300E-5	NaN
1.030940E+2	2.490231E-1	NaN	1.362900E-5	NaN
1.039650E+2	2.234169E-1	NaN	1.493400E-5	NaN
1.048370E+2	1.978161E-1	NaN	1.546700E-5	NaN
1.057090E+2	1.722249E-1	NaN	1.625000E-5	NaN
1.065810E+2	1.466429E-1	NaN	1.553000E-5	NaN
1.074520E+2	1.210707E-1	NaN	1.631300E-5	NaN
1.083230E+2	6.945379E-2	NaN	8.783000E-6	NaN
1.092600E+2	4.939754E-2	NaN	1.115400E-5	NaN
1.101310E+2	3.075433E-2	NaN	1.106000E-5	NaN
1.110030E+2	1.212600E-2	NaN	1.267900E-5	NaN
1.118740E+2	-2.279252E-4	NaN	-3.666000E-6	NaN
1.128120E+2	-2.876874E-4	NaN	-3.425000E-6	NaN
1.136830E+2	-3.058749E-4	NaN	-3.290000E-6	NaN
1.145550E+2	-3.117515E-4	NaN	-2.496000E-6	NaN
1.154260E+2	-3.159420E-4	NaN	-2.642000E-6	NaN
1.162980E+2	-3.190409E-4	NaN	-2.371000E-6	NaN
1.171690E+2	-3.215300E-4	NaN	-2.559000E-6	NaN
1.180400E+2	-3.235200E-4	NaN	-2.569000E-6	NaN
1.189120E+2	-3.252929E-4	NaN	-2.371000E-6	NaN
1.197830E+2	-3.264257E-4	NaN	-2.527000E-6	NaN
1.206550E+2	-3.279925E-4	NaN	-2.663000E-6	NaN
1.215260E+2	-3.289387E-4	NaN	-2.632000E-6	NaN
1.223980E+2	-3.297394E-4	NaN	-2.580000E-6	NaN
1.232710E+2	-3.308896E-4	NaN	-2.371000E-6	NaN
1.241420E+2	-3.314647E-4	NaN	-2.642000E-6	NaN
1.250140E+2	-3.321439E-4	NaN	-2.611000E-6	NaN
1.258850E+2	-3.328557E-4	NaN	-2.078000E-6	NaN
1.267560E+2	-3.333049E-4	NaN	-2.329000E-6	NaN
1.276280E+2	-3.340210E-4	NaN	-2.663000E-6	NaN
1.285000E+2	-3.345180E-4	NaN	-2.632000E-6	NaN
1.293710E+2	-3.351126E-4	NaN	-2.339000E-6	NaN
1.302420E+2	-3.352580E-4	NaN	-2.360000E-6	NaN
1.311140E+2	-3.360088E-4	NaN	-2.538000E-6	NaN
