Time	Outer_Coil_Voltage	Outer_Coil_STDV	Inner_Coil_Voltage	Inner_Coil_STDV
0.000000E+0	-3.440686E-4	NaN	-1.055800E-5	NaN
8.710000E-1	-3.441011E-4	NaN	-1.070500E-5	NaN
1.742000E+0	-3.442877E-4	NaN	-1.092400E-5	NaN
2.614000E+0	-3.442921E-4	NaN	-1.090300E-5	NaN
3.485000E+0	-3.444961E-4	NaN	-1.056900E-5	NaN
4.356000E+0	-3.444288E-4	NaN	-1.094500E-5	NaN
5.227000E+0	-3.446176E-4	NaN	-1.091400E-5	NaN
6.098000E+0	-3.442357E-4	NaN	-1.088200E-5	NaN
6.969000E+0	-3.043645E-4	NaN	-1.082000E-5	NaN
7.840000E+0	4.328862E-3	NaN	-2.556600E-5	NaN
8.711000E+0	2.398812E-2	NaN	-2.567000E-5	NaN
9.631000E+0	4.257201E-2	NaN	-2.566000E-5	NaN
1.050200E+1	6.110280E-2	NaN	-2.557600E-5	NaN
1.137300E+1	7.959402E-2	NaN	-2.552400E-5	NaN
1.224400E+1	9.805148E-2	NaN	-2.545100E-5	NaN
1.311600E+1	1.164818E-1	NaN	-2.554500E-5	NaN
1.398700E+1	1.811719E-1	NaN	-3.089200E-5	NaN
1.492300E+1	2.115263E-1	NaN	-3.084000E-5	NaN
1.579400E+1	2.366713E-1	NaN	-3.076700E-5	NaN
1.666500E+1	2.617905E-1	NaN	-3.116400E-5	NaN
1.753600E+1	2.868779E-1	NaN	-3.094400E-5	NaN
1.840800E+1	3.119480E-1	NaN	-3.067300E-5	NaN
1.927900E+1	3.369810E-1	NaN	-3.073500E-5	NaN
2.015000E+1	3.619967E-1	NaN	-3.053700E-5	NaN
2.102100E+1	3.869841E-1	NaN	-3.056800E-5	NaN
2.189200E+1	4.119433E-1	NaN	-3.070400E-5	NaN
2.276300E+1	4.368793E-1	NaN	-3.065200E-5	NaN
2.363500E+1	4.617933E-1	NaN	-3.053700E-5	NaN
2.450600E+1	4.866790E-1	NaN	-3.077700E-5	NaN
2.537700E+1	5.115330E-1	NaN	-3.080900E-5	NaN
2.624800E+1	5.363736E-1	NaN	-3.042200E-5	NaN
2.712000E+1	5.611880E-1	NaN	-3.065200E-5	NaN
2.799200E+1	5.859798E-1	NaN	-3.028600E-5	NaN
2.886300E+1	6.107492E-1	NaN	-3.047400E-5	NaN
2.973400E+1	6.355171E-1	NaN	-3.035900E-5	NaN
3.060500E+1	6.602559E-1	NaN	-3.043300E-5	NaN
3.147700E+1	6.849923E-1	NaN	-3.057900E-5	NaN
3.234800E+1	7.097134E-1	NaN	-3.045300E-5	NaN
3.321900E+1	7.344293E-1	NaN	-3.041200E-5	NaN
3.409000E+1	7.591270E-1	NaN	-3.010900E-5	NaN
3.496100E+1	7.838112E-1	NaN	-3.025500E-5	NaN
3.583300E+1	8.084741E-1	NaN	-3.013000E-5	NaN
3.670400E+1	8.331257E-1	NaN	-2.963900E-5	NaN
3.757500E+1	8.577665E-1	NaN	-2.909600E-5	NaN
3.844600E+1	8.823826E-1	NaN	-2.874100E-5	NaN
3.931800E+1	9.069773E-1	NaN	-2.683000E-5	NaN
4.018900E+1	9.315659E-1	NaN	-2.418700E-5	NaN
4.106000E+1	9.561431E-1	NaN	-1.684500E-5	NaN
4.193100E+1	9.807144E-1	NaN	-4.386000E-6	NaN
4.280200E+1	1.005244E+0	NaN	1.600000E-5	NaN
4.367300E+1	1.029752E+0	NaN	2.206700E-5	NaN
4.454500E+1	1.054248E+0	NaN	1.696000E-5	NaN
4.541600E+1	1.078724E+0	NaN	1.140400E-5	NaN
4.628700E+1	1.103182E+0	NaN	7.561000E-6	NaN
4.715700E+1	1.127616E+0	NaN	5.170000E-6	NaN
4.802800E+1	1.152030E+0	NaN	2.987000E-6	NaN
4.889900E+1	1.176424E+0	NaN	1.567000E-6	NaN
4.977000E+1	1.204417E+0	NaN	3.130000E-7	NaN
5.076900E+1	1.228775E+0	NaN	-3.860000E-7	NaN
5.164000E+1	1.253113E+0	NaN	-5.740000E-7	NaN
5.251100E+1	1.277423E+0	NaN	-1.452000E-6	NaN
5.338300E+1	1.301697E+0	NaN	-1.410000E-6	NaN
5.425400E+1	1.325929E+0	NaN	-1.932000E-6	NaN
5.512500E+1	1.350135E+0	NaN	-2.360000E-6	NaN
5.599600E+1	1.374320E+0	NaN	-2.256000E-6	NaN
5.686700E+1	1.398470E+0	NaN	-2.841000E-6	NaN
5.773800E+1	1.422565E+0	NaN	-3.018000E-6	NaN
5.861000E+1	1.446596E+0	NaN	-8.418000E-6	NaN
5.948100E+1	1.456924E+0	NaN	-1.078800E-5	NaN
6.035200E+1	1.456859E+0	NaN	-1.101800E-5	NaN
6.122300E+1	1.456787E+0	NaN	-1.078800E-5	NaN
6.209600E+1	1.456752E+0	NaN	-1.095500E-5	NaN
6.296700E+1	1.456741E+0	NaN	-1.066300E-5	NaN
6.383800E+1	1.456732E+0	NaN	-1.136300E-5	NaN
6.471000E+1	1.456718E+0	NaN	-1.073600E-5	NaN
6.558100E+1	1.456733E+0	NaN	-9.149000E-6	NaN
6.645200E+1	1.456590E+0	NaN	-1.060000E-5	NaN
6.732300E+1	1.456573E+0	NaN	-1.109100E-5	NaN
6.819500E+1	1.456600E+0	NaN	-1.082000E-5	NaN
6.906600E+1	1.456580E+0	NaN	-1.063200E-5	NaN
6.993700E+1	1.454775E+0	NaN	-3.175000E-6	NaN
7.080900E+1	1.428216E+0	NaN	-1.237600E-5	NaN
7.168000E+1	1.401527E+0	NaN	-1.523700E-5	NaN
7.255100E+1	1.374982E+0	NaN	-1.617700E-5	NaN
7.342300E+1	1.348557E+0	NaN	-1.662600E-5	NaN
7.429400E+1	1.322213E+0	NaN	-1.630200E-5	NaN
7.516500E+1	1.295945E+0	NaN	-1.630200E-5	NaN
7.603600E+1	1.269731E+0	NaN	-1.639600E-5	NaN
7.690800E+1	1.243563E+0	NaN	-1.581200E-5	NaN
7.777900E+1	1.217447E+0	NaN	-1.562400E-5	NaN
7.865100E+1	1.191355E+0	NaN	-1.473600E-5	NaN
7.952300E+1	1.165309E+0	NaN	-1.375400E-5	NaN
8.039400E+1	1.139288E+0	NaN	-1.264700E-5	NaN
8.126600E+1	1.113297E+0	NaN	-1.191600E-5	NaN
8.213700E+1	1.087326E+0	NaN	-1.047500E-5	NaN
8.300800E+1	1.061382E+0	NaN	-8.731000E-6	NaN
8.388000E+1	1.035453E+0	NaN	-7.311000E-6	NaN
8.475100E+1	1.009552E+0	NaN	-5.504000E-6	NaN
8.562200E+1	9.822168E-1	NaN	-4.919000E-6	NaN
8.654000E+1	9.563485E-1	NaN	-2.600000E-6	NaN
8.741100E+1	9.305038E-1	NaN	-8.150000E-7	NaN
8.828300E+1	9.046616E-1	NaN	6.370000E-7	NaN
8.915400E+1	8.788239E-1	NaN	1.796000E-6	NaN
9.002500E+1	8.530022E-1	NaN	2.862000E-6	NaN
9.089700E+1	8.271983E-1	NaN	3.687000E-6	NaN
9.176800E+1	8.014083E-1	NaN	4.689000E-6	NaN
9.263900E+1	7.756271E-1	NaN	4.647000E-6	NaN
9.351000E+1	7.498613E-1	NaN	4.877000E-6	NaN
9.438100E+1	7.240998E-1	NaN	5.201000E-6	NaN
9.525300E+1	6.983495E-1	NaN	5.723000E-6	NaN
9.612400E+1	6.726187E-1	NaN	5.399000E-6	NaN
9.699600E+1	6.468882E-1	NaN	4.303000E-6	NaN
9.786700E+1	6.211667E-1	NaN	5.264000E-6	NaN
9.873900E+1	5.954601E-1	NaN	3.697000E-6	NaN
9.961000E+1	5.697465E-1	NaN	4.741000E-6	NaN
1.004810E+2	5.440532E-1	NaN	2.715000E-6	NaN
1.013520E+2	5.183709E-1	NaN	5.023000E-6	NaN
1.022230E+2	4.926970E-1	NaN	3.634000E-6	NaN
1.030950E+2	4.670160E-1	NaN	-1.034000E-6	NaN
1.039660E+2	4.413554E-1	NaN	2.757000E-6	NaN
1.048370E+2	4.157027E-1	NaN	-2.632000E-6	NaN
1.057080E+2	3.900542E-1	NaN	3.227000E-6	NaN
1.065790E+2	3.644165E-1	NaN	4.063000E-6	NaN
1.074510E+2	3.387809E-1	NaN	3.206000E-6	NaN
1.083220E+2	3.131542E-1	NaN	2.862000E-6	NaN
1.091930E+2	2.875367E-1	NaN	-1.441000E-6	NaN
1.100650E+2	2.619237E-1	NaN	3.718000E-6	NaN
1.109360E+2	2.363288E-1	NaN	1.441000E-6	NaN
1.118070E+2	2.107357E-1	NaN	5.922000E-6	NaN
1.126780E+2	1.851575E-1	NaN	4.616000E-6	NaN
1.135490E+2	1.595810E-1	NaN	5.253000E-6	NaN
1.144220E+2	1.340143E-1	NaN	-7.210000E-7	NaN
1.152930E+2	1.084604E-1	NaN	4.167000E-6	NaN
1.161640E+2	6.006997E-2	NaN	-7.979000E-6	NaN
1.171010E+2	4.021305E-2	NaN	1.828000E-6	NaN
1.179720E+2	2.158163E-2	NaN	9.820000E-7	NaN
1.188430E+2	1.976599E-3	NaN	-1.100800E-5	NaN
1.197620E+2	-2.519763E-4	NaN	-1.086100E-5	NaN
1.206330E+2	-3.016715E-4	NaN	-1.077800E-5	NaN
1.215050E+2	-3.089608E-4	NaN	-1.097600E-5	NaN
1.223760E+2	-3.141799E-4	NaN	-1.078800E-5	NaN
1.232480E+2	-3.177367E-4	NaN	-1.092400E-5	NaN
1.241190E+2	-3.206272E-4	NaN	-1.074600E-5	NaN
1.249910E+2	-3.228950E-4	NaN	-1.096600E-5	NaN
1.258620E+2	-3.247851E-4	NaN	-1.067300E-5	NaN
1.267340E+2	-3.263020E-4	NaN	-1.098700E-5	NaN
1.276050E+2	-3.276453E-4	NaN	-1.075700E-5	NaN
1.284770E+2	-3.286587E-4	NaN	-1.073600E-5	NaN
1.293490E+2	-3.297525E-4	NaN	-1.090300E-5	NaN
1.302200E+2	-3.306617E-4	NaN	-1.087200E-5	NaN
1.310920E+2	-3.314950E-4	NaN	-1.086100E-5	NaN
1.319640E+2	-3.323088E-4	NaN	-1.090300E-5	NaN
1.328360E+2	-3.330901E-4	NaN	-1.083000E-5	NaN
1.337070E+2	-3.339624E-4	NaN	-1.110200E-5	NaN
