Time	Outer_Coil_Voltage	Resistance
0.000000E+0	-3.373326E-4	1.156206E+0
8.710000E-1	-3.377471E-4	1.156447E+0
1.741000E+0	-3.378295E-4	1.157834E+0
2.612000E+0	-3.381290E-4	1.159241E+0
3.483000E+0	-3.382397E-4	1.158453E+0
4.354000E+0	-3.384024E-4	1.156762E+0
5.225000E+0	-3.029323E-4	1.155859E+0
6.095000E+0	1.966122E-3	1.153276E+0
6.966000E+0	2.144893E-2	1.149663E+0
7.884000E+0	3.990006E-2	1.157781E+0
8.755000E+0	5.830172E-2	1.174322E+0
9.626000E+0	7.666959E-2	1.190348E+0
1.049600E+1	9.500246E-2	1.206920E+0
1.136700E+1	1.133076E-1	1.222578E+0
1.223700E+1	1.763789E-1	1.281757E+0
1.317300E+1	2.062193E-1	1.297920E+0
1.404400E+1	2.311451E-1	1.313914E+0
1.491500E+1	2.560492E-1	1.325204E+0
1.578600E+1	2.809301E-1	1.335086E+0
1.665700E+1	3.057899E-1	1.347321E+0
1.752800E+1	3.306233E-1	1.355302E+0
1.839800E+1	3.554415E-1	1.363946E+0
1.926900E+1	3.802267E-1	1.374511E+0
2.014000E+1	4.050013E-1	1.384130E+0
2.101100E+1	4.297358E-1	1.391681E+0
2.188100E+1	4.544511E-1	1.402215E+0
2.275200E+1	4.791446E-1	1.410532E+0
2.362200E+1	5.038187E-1	1.417138E+0
2.449300E+1	5.284672E-1	1.425529E+0
2.536400E+1	5.530970E-1	1.434540E+0
2.623500E+1	5.777060E-1	1.447373E+0
2.710600E+1	6.022893E-1	1.478386E+0
2.797600E+1	6.268518E-1	1.548140E+0
2.884700E+1	6.513890E-1	1.706069E+0
2.971700E+1	6.759028E-1	2.049011E+0
3.058800E+1	7.003917E-1	2.605545E+0
3.145800E+1	7.248574E-1	3.216026E+0
3.232900E+1	7.492951E-1	3.679730E+0
3.319900E+1	7.737197E-1	3.965962E+0
3.407000E+1	7.981066E-1	4.155922E+0
3.494100E+1	8.224643E-1	4.302312E+0
3.581200E+1	8.467961E-1	4.423768E+0
3.668300E+1	8.710944E-1	4.522885E+0
3.755300E+1	8.953442E-1	4.575416E+0
3.842400E+1	9.195540E-1	4.615250E+0
3.929500E+1	9.437553E-1	4.683083E+0
4.016600E+1	9.679336E-1	4.768716E+0
4.103700E+1	9.920443E-1	4.845895E+0
4.190800E+1	1.016117E+0	4.919419E+0
4.277800E+1	1.040137E+0	4.988228E+0
4.364900E+1	1.064114E+0	5.050012E+0
4.452100E+1	1.088046E+0	5.105462E+0
4.539100E+1	1.111924E+0	5.155420E+0
4.626200E+1	1.135755E+0	5.199066E+0
4.713200E+1	1.159528E+0	5.239425E+0
4.800200E+1	1.183250E+0	5.274975E+0
4.887300E+1	1.208272E+0	5.309222E+0
4.979100E+1	1.231893E+0	5.338858E+0
5.066200E+1	1.255459E+0	5.364788E+0
5.153200E+1	1.278949E+0	5.389016E+0
5.240300E+1	1.302384E+0	5.411416E+0
5.327400E+1	1.325743E+0	5.430898E+0
5.414500E+1	1.349031E+0	5.448972E+0
5.501600E+1	1.372249E+0	5.466090E+0
5.588700E+1	1.395367E+0	5.480614E+0
5.675800E+1	1.418385E+0	5.493069E+0
5.762900E+1	1.428022E+0	5.494004E+0
5.850000E+1	1.427252E+0	5.493048E+0
5.937100E+1	1.426508E+0	5.492670E+0
6.024200E+1	1.425758E+0	5.493195E+0
6.111200E+1	1.425059E+0	5.492628E+0
6.198400E+1	1.424381E+0	5.492093E+0
6.285500E+1	1.423702E+0	5.492523E+0
6.372500E+1	1.423054E+0	5.491589E+0
6.459600E+1	1.422356E+0	5.491421E+0
6.546600E+1	1.421699E+0	5.491263E+0
6.633700E+1	1.420976E+0	5.490643E+0
6.720800E+1	1.420322E+0	5.490360E+0
6.807800E+1	1.419717E+0	5.490139E+0
6.894900E+1	1.419057E+0	5.489961E+0
6.981900E+1	1.418443E+0	5.489992E+0
7.069000E+1	1.417811E+0	5.490339E+0
7.156100E+1	1.417191E+0	5.490843E+0
7.243100E+1	1.416552E+0	5.489667E+0
7.330200E+1	1.415926E+0	5.490528E+0
7.417300E+1	1.415280E+0	5.490076E+0
7.504400E+1	1.414639E+0	5.483649E+0
7.591500E+1	1.390569E+0	5.467518E+0
7.678600E+1	1.364176E+0	5.448688E+0
7.765700E+1	1.337964E+0	5.428356E+0
7.852800E+1	1.311911E+0	5.407394E+0
7.940000E+1	1.285994E+0	5.383219E+0
8.027100E+1	1.260189E+0	5.356375E+0
8.114200E+1	1.234486E+0	5.327642E+0
8.201300E+1	1.208872E+0	5.295306E+0
8.288400E+1	1.183340E+0	5.259001E+0
8.375500E+1	1.157882E+0	5.219808E+0
8.462600E+1	1.132484E+0	5.175857E+0
8.549700E+1	1.107156E+0	5.126697E+0
8.636700E+1	1.081883E+0	5.071110E+0
8.723800E+1	1.056666E+0	5.010713E+0
8.810900E+1	1.031491E+0	4.942807E+0
8.897900E+1	1.006363E+0	4.867329E+0
8.985000E+1	9.798556E-1	4.775427E+0
9.076800E+1	9.548081E-1	4.679008E+0
9.163900E+1	9.297943E-1	4.584700E+0
9.251000E+1	9.048112E-1	4.522434E+0
9.338100E+1	8.798345E-1	4.434627E+0
9.425200E+1	8.548918E-1	4.324177E+0
9.512300E+1	8.299794E-1	4.185695E+0
9.599400E+1	8.050844E-1	4.014009E+0
9.686600E+1	7.802128E-1	3.781116E+0
9.773600E+1	7.553626E-1	3.416960E+0
9.860700E+1	7.305258E-1	2.890915E+0
9.947800E+1	7.057096E-1	2.325058E+0
1.003490E+2	6.809060E-1	1.871612E+0
1.012190E+2	6.561177E-1	1.622315E+0
1.020900E+2	6.313392E-1	1.518377E+0
1.029600E+2	6.065711E-1	1.476023E+0
1.038310E+2	5.818058E-1	1.455554E+0
1.047020E+2	5.570423E-1	1.442437E+0
1.055720E+2	5.322893E-1	1.432902E+0
1.064430E+2	5.075384E-1	1.425424E+0
1.073140E+2	4.827928E-1	1.416781E+0
1.081840E+2	4.580436E-1	1.409556E+0
1.090550E+2	4.333018E-1	1.401942E+0
1.099260E+2	4.085563E-1	1.391681E+0
1.107960E+2	3.838126E-1	1.382975E+0
1.116670E+2	3.590674E-1	1.373534E+0
1.125380E+2	3.343203E-1	1.362024E+0
1.134090E+2	3.095617E-1	1.352414E+0
1.142810E+2	2.848092E-1	1.341230E+0
1.151520E+2	2.600474E-1	1.328669E+0
1.160230E+2	2.352843E-1	1.313400E+0
1.168940E+2	2.105216E-1	1.296890E+0
1.177650E+2	1.857549E-1	1.278522E+0
1.186350E+2	1.609827E-1	1.257697E+0
1.195060E+2	1.362150E-1	1.235590E+0
1.203770E+2	1.114482E-1	1.213652E+0
1.212480E+2	6.328384E-2	1.171749E+0
1.221840E+2	4.388059E-2	1.161415E+0
1.230550E+2	2.567039E-2	1.158117E+0
1.239260E+2	6.478701E-3	1.160711E+0
1.248440E+2	-2.364428E-4	1.160596E+0
1.257150E+2	-2.941586E-4	1.161005E+0
1.265860E+2	-3.049027E-4	1.161310E+0
1.274570E+2	-3.103518E-4	1.161950E+0
1.283280E+2	-3.144425E-4	1.162055E+0
1.291990E+2	-3.176954E-4	1.162706E+0
1.300710E+2	-3.200869E-4	1.162780E+0
