Time	Outer_Coil_Voltage	Resistance
0.000000E+0	-3.436541E-4	1.439560E+0
8.710000E-1	-3.435868E-4	1.439770E+0
1.742000E+0	-3.437474E-4	1.439056E+0
2.613000E+0	-3.436649E-4	1.438657E+0
3.484000E+0	-3.440056E-4	1.439098E+0
4.355000E+0	-3.439926E-4	1.438478E+0
5.225000E+0	-3.438385E-4	1.438804E+0
6.096000E+0	-3.061961E-4	1.438363E+0
6.966000E+0	2.665701E-3	1.434886E+0
7.837000E+0	2.222953E-2	1.430245E+0
8.755000E+0	4.073810E-2	1.427651E+0
9.626000E+0	5.920402E-2	1.425592E+0
1.049700E+1	7.762408E-2	1.424248E+0
1.136700E+1	9.600617E-2	1.423429E+0
1.223800E+1	1.143660E-1	1.423849E+0
1.310900E+1	1.782265E-1	1.432440E+0
1.404500E+1	2.083951E-1	1.437449E+0
1.491500E+1	2.334444E-1	1.444191E+0
1.578600E+1	2.584666E-1	1.449474E+0
1.665700E+1	2.834580E-1	1.455911E+0
1.752800E+1	3.084273E-1	1.465552E+0
1.839900E+1	3.333683E-1	1.473229E+0
1.926900E+1	3.582912E-1	1.487501E+0
2.014000E+1	3.831764E-1	1.516676E+0
2.101000E+1	4.080463E-1	1.586840E+0
2.188100E+1	4.328935E-1	1.793393E+0
2.275100E+1	4.577050E-1	2.313432E+0
2.362200E+1	4.824953E-1	3.107235E+0
2.449200E+1	5.072605E-1	3.801259E+0
2.536300E+1	5.319995E-1	4.217109E+0
2.623400E+1	5.567262E-1	4.459653E+0
2.710400E+1	5.814312E-1	4.631770E+0
2.797500E+1	6.061176E-1	4.767697E+0
2.884600E+1	6.307764E-1	4.882809E+0
2.971700E+1	6.554164E-1	4.981329E+0
3.058800E+1	6.800466E-1	5.065197E+0
3.145900E+1	7.046596E-1	5.140581E+0
3.232900E+1	7.292387E-1	5.204286E+0
3.320000E+1	7.537943E-1	5.257625E+0
3.407200E+1	7.783288E-1	5.304128E+0
3.494300E+1	8.028357E-1	5.343910E+0
3.581400E+1	8.273069E-1	5.377012E+0
3.668400E+1	8.517540E-1	5.402931E+0
3.755500E+1	8.761512E-1	5.416415E+0
3.842600E+1	9.005058E-1	5.423630E+0
3.929600E+1	9.248548E-1	5.438459E+0
4.016600E+1	9.491902E-1	5.459474E+0
4.103700E+1	9.734672E-1	5.478745E+0
4.190800E+1	9.977132E-1	5.496735E+0
4.277800E+1	1.021925E+0	5.513538E+0
4.364800E+1	1.046100E+0	5.527904E+0
4.451900E+1	1.070250E+0	5.541126E+0
4.538900E+1	1.094356E+0	5.552637E+0
4.625900E+1	1.118428E+0	5.562393E+0
4.713000E+1	1.142462E+0	5.571393E+0
4.800000E+1	1.166449E+0	5.580120E+0
4.887000E+1	1.190394E+0	5.587251E+0
4.974100E+1	1.215643E+0	5.594256E+0
5.065800E+1	1.239520E+0	5.600085E+0
5.153000E+1	1.263332E+0	5.604916E+0
5.240000E+1	1.287103E+0	5.609715E+0
5.327100E+1	1.310846E+0	5.613968E+0
5.414200E+1	1.334533E+0	5.617602E+0
5.501200E+1	1.358136E+0	5.621278E+0
5.588300E+1	1.381696E+0	5.624575E+0
5.675400E+1	1.405186E+0	5.627379E+0
5.762400E+1	1.428592E+0	5.629763E+0
5.849500E+1	1.440306E+0	5.629900E+0
5.936500E+1	1.439861E+0	5.629879E+0
6.023600E+1	1.439255E+0	5.629217E+0
6.110700E+1	1.414569E+0	5.626014E+0
6.197800E+1	1.387472E+0	5.622055E+0
6.284800E+1	1.360614E+0	5.618600E+0
6.371900E+1	1.333943E+0	5.614504E+0
6.459000E+1	1.307427E+0	5.609305E+0
6.546100E+1	1.281038E+0	5.604317E+0
6.633200E+1	1.254760E+0	5.598814E+0
6.720300E+1	1.228571E+0	5.592082E+0
6.807400E+1	1.202466E+0	5.584951E+0
6.894600E+1	1.176441E+0	5.576917E+0
6.981700E+1	1.150481E+0	5.567928E+0
7.068800E+1	1.124579E+0	5.557898E+0
7.155900E+1	1.098739E+0	5.546955E+0
7.243000E+1	1.072939E+0	5.533943E+0
7.330100E+1	1.047195E+0	5.518894E+0
7.417200E+1	1.021492E+0	5.503151E+0
7.504300E+1	9.943886E-1	5.484143E+0
7.596000E+1	9.687679E-1	5.463496E+0
7.683100E+1	9.431752E-1	5.439982E+0
7.770100E+1	9.176094E-1	5.412792E+0
7.857200E+1	8.920820E-1	5.400379E+0
7.944300E+1	8.665432E-1	5.378682E+0
8.031400E+1	8.410479E-1	5.349329E+0
8.118500E+1	8.155655E-1	5.310419E+0
8.205600E+1	7.901032E-1	5.263517E+0
8.292700E+1	7.646602E-1	5.209138E+0
8.379800E+1	7.392408E-1	5.146829E+0
8.466900E+1	7.138211E-1	5.074807E+0
8.554000E+1	6.884254E-1	4.992030E+0
8.641200E+1	6.630372E-1	4.895937E+0
8.728300E+1	6.376672E-1	4.783975E+0
8.815400E+1	6.123038E-1	4.648668E+0
8.902500E+1	5.869616E-1	4.481886E+0
8.989500E+1	5.616193E-1	4.249949E+0
9.076600E+1	5.362930E-1	3.877609E+0
9.163700E+1	5.109687E-1	3.289602E+0
9.250700E+1	4.856528E-1	2.588679E+0
9.337800E+1	4.603521E-1	2.011624E+0
9.424900E+1	4.350485E-1	1.706909E+0
9.511900E+1	4.097515E-1	1.583206E+0
9.599000E+1	3.844598E-1	1.532523E+0
9.686100E+1	3.591710E-1	1.506226E+0
9.773100E+1	3.338878E-1	1.490221E+0
9.860200E+1	3.086116E-1	1.480266E+0
9.947200E+1	2.833332E-1	1.471307E+0
1.003430E+2	2.580638E-1	1.462738E+0
1.012140E+2	2.327962E-1	1.456773E+0
1.020840E+2	2.075253E-1	1.449873E+0
1.029550E+2	1.822541E-1	1.444454E+0
1.038270E+2	1.569886E-1	1.439780E+0
1.046980E+2	1.317319E-1	1.436336E+0
1.055690E+2	1.064703E-1	1.435401E+0
1.064400E+2	5.889700E-2	1.434760E+0
1.073760E+2	3.924597E-2	1.435328E+0
1.082470E+2	2.077297E-2	1.438048E+0
1.091180E+2	1.383048E-3	1.439927E+0
1.100350E+2	-2.541009E-4	1.440316E+0
1.109060E+2	-3.024440E-4	1.440285E+0
1.117770E+2	-3.098071E-4	1.440116E+0
1.126480E+2	-3.148982E-4	1.440505E+0
1.135190E+2	-3.186221E-4	1.440243E+0
1.143900E+2	-3.210439E-4	1.440190E+0
1.152610E+2	-3.234093E-4	1.441125E+0
1.161330E+2	-3.253624E-4	1.440411E+0
1.170040E+2	-3.270420E-4	1.440463E+0
1.178750E+2	-3.283007E-4	1.440915E+0
1.187460E+2	-3.294139E-4	1.440495E+0
1.196170E+2	-3.303948E-4	1.440274E+0
1.204880E+2	-3.312694E-4	1.440862E+0
1.213600E+2	-3.320853E-4	1.440957E+0
1.222310E+2	-3.324824E-4	1.440747E+0
1.231020E+2	-3.335002E-4	1.441198E+0
1.239720E+2	-3.339147E-4	1.440862E+0
1.248430E+2	-3.345375E-4	1.440810E+0
