Time	Outer_Coil_Voltage	Resistance
0.000000E+0	-3.438233E-4	1.475340E+0
1.130000E+0	-3.440447E-4	1.475256E+0
2.001000E+0	-3.442725E-4	1.475004E+0
2.872000E+0	-3.443420E-4	1.475792E+0
3.743000E+0	-3.444874E-4	1.475970E+0
4.614000E+0	-3.444462E-4	1.475907E+0
5.485000E+0	-3.444874E-4	1.476033E+0
6.356000E+0	-3.444874E-4	1.476243E+0
7.227000E+0	-3.445612E-4	1.475718E+0
8.098000E+0	-3.122897E-4	1.475246E+0
8.969000E+0	5.257944E-4	1.471087E+0
9.839000E+0	1.971323E-2	1.464975E+0
1.075700E+1	3.824311E-2	1.460690E+0
1.162700E+1	5.672170E-2	1.457067E+0
1.249800E+1	7.515951E-2	1.454525E+0
1.336900E+1	9.356686E-2	1.453916E+0
1.424000E+1	1.119412E-1	1.453727E+0
1.511100E+1	1.751006E-1	1.460301E+0
1.604700E+1	2.052577E-1	1.465027E+0
1.691800E+1	2.303532E-1	1.472368E+0
1.778900E+1	2.554276E-1	1.480549E+0
1.866000E+1	2.804664E-1	1.491146E+0
1.953000E+1	3.054695E-1	1.512916E+0
2.040100E+1	3.304461E-1	1.551900E+0
2.127200E+1	3.553985E-1	1.648927E+0
2.214200E+1	3.803261E-1	1.923292E+0
2.301300E+1	4.052249E-1	2.553928E+0
2.388300E+1	4.301027E-1	3.396607E+0
2.475400E+1	4.549534E-1	4.035349E+0
2.562400E+1	4.797731E-1	4.401629E+0
2.649500E+1	5.045723E-1	4.618905E+0
2.736600E+1	5.293416E-1	4.775227E+0
2.823600E+1	5.540903E-1	4.900180E+0
2.910700E+1	5.788164E-1	5.004800E+0
2.997700E+1	6.035214E-1	5.091589E+0
3.084800E+1	6.282106E-1	5.167014E+0
3.171900E+1	6.528800E-1	5.231286E+0
3.259000E+1	6.775485E-1	5.285319E+0
3.346100E+1	7.021990E-1	5.331874E+0
3.433100E+1	7.268334E-1	5.370805E+0
3.520200E+1	7.514461E-1	5.404674E+0
3.607300E+1	7.760517E-1	5.433565E+0
3.694400E+1	8.006360E-1	5.458035E+0
3.781500E+1	8.251833E-1	5.478797E+0
3.868600E+1	8.620933E-1	5.487283E+0
3.956000E+1	8.744775E-1	5.502500E+0
4.043500E+1	8.989524E-1	5.506921E+0
4.130600E+1	9.234411E-1	5.515995E+0
4.217700E+1	9.479060E-1	5.530194E+0
4.304800E+1	9.723326E-1	5.541210E+0
4.391900E+1	9.967337E-1	5.554537E+0
4.479000E+1	1.021119E+0	5.566615E+0
4.566100E+1	1.045466E+0	5.576329E+0
4.653100E+1	1.069780E+0	5.583943E+0
4.740200E+1	1.094061E+0	5.591074E+0
4.827200E+1	1.118320E+0	5.597228E+0
4.914400E+1	1.142544E+0	5.602920E+0
5.001400E+1	1.166746E+0	5.608812E+0
5.088400E+1	1.190912E+0	5.612897E+0
5.175500E+1	1.216416E+0	5.617224E+0
5.267300E+1	1.240522E+0	5.621131E+0
5.354300E+1	1.264593E+0	5.624029E+0
5.441400E+1	1.288629E+0	5.627327E+0
5.528500E+1	1.312586E+0	5.630257E+0
5.615600E+1	1.336495E+0	5.632567E+0
5.702700E+1	1.360304E+0	5.634731E+0
5.789800E+1	1.384087E+0	5.636695E+0
5.876900E+1	1.407831E+0	5.638606E+0
5.964000E+1	1.431526E+0	5.640297E+0
6.051000E+1	1.446996E+0	5.640475E+0
6.138100E+1	1.446776E+0	5.640601E+0
6.225200E+1	1.446550E+0	5.640486E+0
6.312300E+1	1.446325E+0	5.640675E+0
6.399300E+1	1.446147E+0	5.640643E+0
6.486400E+1	1.445897E+0	5.640402E+0
6.573500E+1	1.445726E+0	5.640601E+0
6.660600E+1	1.445597E+0	5.640822E+0
6.747700E+1	1.445416E+0	5.640433E+0
6.834800E+1	1.445255E+0	5.640654E+0
6.921800E+1	1.445113E+0	5.640570E+0
7.008900E+1	1.444986E+0	5.640402E+0
7.096000E+1	1.444816E+0	5.640706E+0
7.183000E+1	1.444643E+0	5.640538E+0
7.270100E+1	1.444507E+0	5.640391E+0
7.357200E+1	1.444378E+0	5.640937E+0
7.444200E+1	1.444167E+0	5.640895E+0
7.531300E+1	1.444077E+0	5.640318E+0
7.618400E+1	1.443959E+0	5.640517E+0
7.705500E+1	1.443847E+0	5.640402E+0
7.792600E+1	1.443642E+0	5.640496E+0
7.879600E+1	1.443569E+0	5.640570E+0
7.966700E+1	1.443401E+0	5.640832E+0
8.053800E+1	1.443233E+0	5.640675E+0
8.141000E+1	1.443013E+0	5.640528E+0
8.228000E+1	1.442867E+0	5.640213E+0
8.315100E+1	1.442704E+0	5.640129E+0
8.402400E+1	1.442528E+0	5.640297E+0
8.489500E+1	1.442376E+0	5.640328E+0
8.576500E+1	1.442142E+0	5.640055E+0
8.663600E+1	1.441919E+0	5.640255E+0
8.750700E+1	1.441774E+0	5.639992E+0
8.837800E+1	1.441645E+0	5.639950E+0
8.924900E+1	1.441485E+0	5.640045E+0
9.011900E+1	1.441397E+0	5.639698E+0
9.099000E+1	1.441217E+0	5.639824E+0
9.186100E+1	1.441132E+0	5.639877E+0
9.273100E+1	1.440963E+0	5.639625E+0
9.360200E+1	1.440762E+0	5.639499E+0
9.447200E+1	1.440554E+0	5.639247E+0
9.534300E+1	1.440349E+0	5.639593E+0
9.621400E+1	1.440148E+0	5.639257E+0
9.708500E+1	1.439961E+0	5.639078E+0
9.795500E+1	1.439707E+0	5.639457E+0
9.882600E+1	1.439464E+0	5.639057E+0
9.969700E+1	1.439207E+0	5.638774E+0
1.005670E+2	1.438919E+0	5.638732E+0
1.014390E+2	1.420313E+0	5.636232E+0
1.023100E+2	1.393874E+0	5.633922E+0
1.031810E+2	1.367605E+0	5.631034E+0
1.040520E+2	1.341605E+0	5.628282E+0
1.049230E+2	1.315568E+0	5.626130E+0
1.057940E+2	1.289593E+0	5.622706E+0
1.066650E+2	1.263714E+0	5.619293E+0
1.075360E+2	1.237923E+0	5.616426E+0
1.084070E+2	1.212233E+0	5.611983E+0
1.092780E+2	1.186550E+0	5.606669E+0
1.101490E+2	1.160930E+0	5.601082E+0
1.110200E+2	1.135338E+0	5.595506E+0
1.118910E+2	1.109747E+0	5.589289E+0
1.127620E+2	1.084188E+0	5.581507E+0
1.136320E+2	1.058620E+0	5.573399E+0
1.145030E+2	1.033101E+0	5.563706E+0
1.153740E+2	1.007610E+0	5.553088E+0
1.162440E+2	9.807124E-1	5.540360E+0
1.171630E+2	9.552761E-1	5.526770E+0
1.180330E+2	9.298665E-1	5.511521E+0
1.189050E+2	9.044641E-1	5.498310E+0
1.197760E+2	8.790734E-1	5.488890E+0
1.206470E+2	8.536799E-1	5.473567E+0
1.215180E+2	8.282958E-1	5.453067E+0
1.223890E+2	8.029262E-1	5.426130E+0
1.232600E+2	7.775668E-1	5.394298E+0
1.241310E+2	7.522256E-1	5.357678E+0
1.250020E+2	7.268903E-1	5.314378E+0
1.258730E+2	7.015628E-1	5.262834E+0
1.267440E+2	6.762481E-1	5.202658E+0
1.276150E+2	6.509444E-1	5.132305E+0
1.284850E+2	6.256576E-1	5.050799E+0
1.293560E+2	6.003704E-1	4.953698E+0
1.302260E+2	5.750922E-1	4.838396E+0
1.310970E+2	5.498228E-1	4.698647E+0
1.319680E+2	5.245672E-1	4.509527E+0
1.328390E+2	4.993122E-1	4.228851E+0
1.337090E+2	4.740644E-1	3.779772E+0
1.345800E+2	4.488190E-1	3.126906E+0
1.354510E+2	4.235747E-1	2.418946E+0
1.363220E+2	3.983403E-1	1.914208E+0
1.371930E+2	3.731124E-1	1.677766E+0
1.380640E+2	3.478830E-1	1.583574E+0
1.389340E+2	3.226579E-1	1.537176E+0
1.398050E+2	2.974326E-1	1.513966E+0
1.406760E+2	2.722067E-1	1.501396E+0
1.415470E+2	2.469811E-1	1.490642E+0
1.424180E+2	2.090600E-1	1.485622E+0
1.432920E+2	1.963427E-1	1.475949E+0
1.441660E+2	1.711169E-1	1.470625E+0
1.450370E+2	1.458995E-1	1.466729E+0
1.459080E+2	1.206876E-1	1.463914E+0
1.467790E+2	6.954005E-2	1.465836E+0
1.477150E+2	4.972554E-2	1.466897E+0
1.485860E+2	3.130642E-2	1.469837E+0
1.494570E+2	1.289413E-2	1.473429E+0
1.503270E+2	-2.226801E-4	1.474101E+0
1.512650E+2	-2.813985E-4	1.474721E+0
1.521360E+2	-3.043277E-4	1.474721E+0
1.530070E+2	-3.107750E-4	1.474500E+0
1.538790E+2	-3.148222E-4	1.474668E+0
1.547500E+2	-3.183074E-4	1.474637E+0
