Time	Outer_Coil_Voltage	Resistance
0.000000E+0	-3.475537E-4	1.552341E+0
9.810000E-1	-3.197049E-4	1.552351E+0
1.855000E+0	-3.349303E-4	1.551322E+0
2.726000E+0	-3.373152E-4	1.551627E+0
3.596000E+0	-3.380683E-4	1.551049E+0
4.467000E+0	-3.386064E-4	1.551669E+0
5.338000E+0	-3.040738E-4	1.551690E+0
6.208000E+0	1.398828E-3	1.546334E+0
7.079000E+0	2.101787E-2	1.538037E+0
7.996000E+0	3.966319E-2	1.530476E+0
8.867000E+0	5.824842E-2	1.524437E+0
9.737000E+0	7.678775E-2	1.520068E+0
1.060800E+1	9.528861E-2	1.516581E+0
1.147800E+1	1.137591E-1	1.514660E+0
1.235000E+1	1.776706E-1	1.535842E+0
1.328500E+1	2.080171E-1	1.564029E+0
1.415600E+1	2.332224E-1	1.623649E+0
1.502700E+1	2.583949E-1	1.753958E+0
1.589700E+1	2.835343E-1	2.076484E+0
1.676800E+1	3.086544E-1	2.729752E+0
1.763900E+1	3.337449E-1	3.542847E+0
1.851000E+1	3.588032E-1	4.165899E+0
1.938000E+1	3.838364E-1	4.542335E+0
2.025100E+1	4.088417E-1	4.787966E+0
2.112200E+1	4.338205E-1	4.946735E+0
2.199300E+1	4.587747E-1	5.064053E+0
2.286400E+1	4.837064E-1	5.157205E+0
2.373500E+1	5.086100E-1	5.231276E+0
2.460500E+1	5.334852E-1	5.292355E+0
2.547600E+1	5.583409E-1	5.344267E+0
2.634700E+1	5.831727E-1	5.385781E+0
2.721700E+1	6.079863E-1	5.421225E+0
2.808800E+1	6.327718E-1	5.450526E+0
2.895900E+1	6.575453E-1	5.476833E+0
2.983000E+1	6.823085E-1	5.498982E+0
3.070100E+1	7.070526E-1	5.517718E+0
3.157100E+1	7.317801E-1	5.533576E+0
3.244200E+1	7.564890E-1	5.547186E+0
3.331300E+1	7.811783E-1	5.559263E+0
3.418300E+1	8.058417E-1	5.569545E+0
3.505400E+1	8.304900E-1	5.577222E+0
3.592400E+1	8.551171E-1	5.583134E+0
3.679500E+1	8.797033E-1	5.584846E+0
3.766600E+1	9.042882E-1	5.588711E+0
3.853600E+1	9.288658E-1	5.594351E+0
3.940700E+1	9.534193E-1	5.599759E+0
4.027800E+1	9.779376E-1	5.605388E+0
4.114900E+1	1.002444E+0	5.610576E+0
4.201900E+1	1.026926E+0	5.615428E+0
4.289000E+1	1.051387E+0	5.619419E+0
4.376100E+1	1.075823E+0	5.623189E+0
4.463100E+1	1.100237E+0	5.626382E+0
4.550200E+1	1.124623E+0	5.628303E+0
4.637300E+1	1.148988E+0	5.631570E+0
4.724400E+1	1.173324E+0	5.633764E+0
4.811500E+1	1.197628E+0	5.635938E+0
4.898600E+1	1.223265E+0	5.638165E+0
4.990300E+1	1.247515E+0	5.640055E+0
5.077400E+1	1.271734E+0	5.641925E+0
5.164400E+1	1.295919E+0	5.643174E+0
5.251500E+1	1.320057E+0	5.644371E+0
5.338600E+1	1.344143E+0	5.646251E+0
5.425700E+1	1.368191E+0	5.646986E+0
5.512700E+1	1.392188E+0	5.647785E+0
5.599900E+1	1.416093E+0	5.648635E+0
5.687000E+1	1.439889E+0	5.650001E+0
5.774000E+1	1.450993E+0	5.649580E+0
5.861100E+1	1.450520E+0	5.649538E+0
5.948200E+1	1.439301E+0	5.648614E+0
6.035300E+1	1.411988E+0	5.647417E+0
6.122400E+1	1.385031E+0	5.645999E+0
6.209500E+1	1.358288E+0	5.644792E+0
6.296600E+1	1.331691E+0	5.642796E+0
6.383700E+1	1.305218E+0	5.641200E+0
6.470900E+1	1.278843E+0	5.639656E+0
