Time	Outer_Coil_Voltage	Resistance
0.000000E+0	-3.510953E-4	2.781810E+0
8.950000E-1	-3.511344E-4	2.757708E+0
1.770000E+0	-3.513818E-4	2.738479E+0
2.640000E+0	-3.513818E-4	2.726874E+0
3.511000E+0	-3.512885E-4	2.716372E+0
4.381000E+0	-3.513123E-4	2.779867E+0
5.252000E+0	-3.512407E-4	2.887849E+0
6.123000E+0	-3.514599E-4	2.979531E+0
6.994000E+0	-3.514273E-4	3.071938E+0
7.865000E+0	-3.515228E-4	3.148666E+0
8.735000E+0	-3.514621E-4	3.153497E+0
9.606000E+0	-3.513384E-4	3.147122E+0
1.047800E+1	-3.515076E-4	3.144591E+0
1.134900E+1	-3.512950E-4	3.145935E+0
1.222000E+1	-3.513145E-4	3.144265E+0
1.309100E+1	-3.515445E-4	3.144024E+0
1.396200E+1	-3.514794E-4	3.145169E+0
1.483300E+1	-3.484717E-4	3.147311E+0
1.570400E+1	-3.043277E-4	3.147248E+0
1.657400E+1	1.014554E-2	3.149369E+0
1.744500E+1	2.967144E-2	3.189865E+0
1.836200E+1	4.813908E-2	3.282787E+0
1.923300E+1	6.656701E-2	3.440138E+0
2.010400E+1	8.496043E-2	3.664114E+0
2.097400E+1	1.033238E-1	3.966907E+0
2.184500E+1	1.642262E-1	5.311669E+0
2.280100E+1	1.940841E-1	5.659736E+0
2.367200E+1	2.191669E-1	5.892775E+0
2.454300E+1	2.442202E-1	6.048814E+0
2.541400E+1	2.692448E-1	6.176287E+0
2.628400E+1	2.942377E-1	6.289540E+0
2.715500E+1	3.191989E-1	6.355495E+0
2.802700E+1	3.441364E-1	6.401966E+0
2.889800E+1	3.690376E-1	6.437662E+0
2.976900E+1	3.939118E-1	6.464946E+0
3.063900E+1	4.187521E-1	6.486034E+0
3.151000E+1	4.435566E-1	6.503310E+0
3.238100E+1	4.683283E-1	6.516805E+0
3.325100E+1	4.930664E-1	6.527150E+0
3.412200E+1	5.177656E-1	6.536328E+0
3.499200E+1	5.424254E-1	6.543743E+0
3.586300E+1	5.670420E-1	6.549435E+0
3.673300E+1	5.916256E-1	6.554644E+0
3.760400E+1	6.161634E-1	6.558687E+0
3.847500E+1	6.406488E-1	6.562079E+0
3.934500E+1	6.650942E-1	6.564915E+0
4.021600E+1	6.894792E-1	6.567225E+0
4.108600E+1	7.138219E-1	6.568874E+0
4.195700E+1	7.381093E-1	6.570890E+0
4.282800E+1	7.623722E-1	6.572613E+0
4.369800E+1	7.865469E-1	6.573642E+0
4.456900E+1	8.106616E-1	6.574766E+0
4.544100E+1	8.347146E-1	6.575721E+0
4.631200E+1	8.586981E-1	6.575952E+0
4.718300E+1	8.826047E-1	6.576005E+0
4.805400E+1	9.064765E-1	6.576918E+0
4.892500E+1	9.302818E-1	6.577034E+0
4.979500E+1	9.539900E-1	6.577717E+0
5.066600E+1	9.776254E-1	6.578452E+0
5.153700E+1	1.001177E+0	6.578935E+0
5.240800E+1	1.025068E+0	6.579386E+0
5.327900E+1	1.048452E+0	6.579754E+0
5.414900E+1	1.071741E+0	6.579975E+0
5.502000E+1	1.094928E+0	6.580321E+0
5.589000E+1	1.118023E+0	6.580363E+0
5.676100E+1	1.141007E+0	6.580395E+0
5.763100E+1	1.163882E+0	6.580951E+0
5.850100E+1	1.186649E+0	6.581287E+0
5.937200E+1	1.210586E+0	6.581371E+0
6.028900E+1	1.233136E+0	6.581760E+0
6.116000E+1	1.257427E+0	6.582474E+0
6.203100E+1	1.282583E+0	6.582548E+0
6.290300E+1	1.306966E+0	6.582558E+0
6.377400E+1	1.331001E+0	6.583157E+0
6.464500E+1	1.354673E+0	6.582915E+0
6.551600E+1	1.378022E+0	6.583388E+0
6.638700E+1	1.401112E+0	6.583545E+0
6.725800E+1	1.424000E+0	6.583461E+0
6.812900E+1	1.429556E+0	6.583461E+0
6.900000E+1	1.428759E+0	6.583703E+0
6.987000E+1	1.427981E+0	6.583587E+0
7.074100E+1	1.427200E+0	6.583577E+0
7.161200E+1	1.426410E+0	6.583514E+0
7.248300E+1	1.425612E+0	6.583304E+0
7.335300E+1	1.424846E+0	6.583787E+0
7.422400E+1	1.424012E+0	6.584039E+0
7.509500E+1	1.423229E+0	6.583661E+0
7.596500E+1	1.431963E+0	6.583304E+0
7.683600E+1	1.441209E+0	6.583965E+0
7.770700E+1	1.441536E+0	6.583976E+0
7.857700E+1	1.416300E+0	6.583808E+0
7.944800E+1	1.390229E+0	6.583629E+0
8.031900E+1	1.363955E+0	6.582936E+0
8.119000E+1	1.337678E+0	6.583020E+0
8.206100E+1	1.311444E+0	6.582947E+0
8.293200E+1	1.285272E+0	6.582306E+0
8.380300E+1	1.259151E+0	6.581665E+0
8.467300E+1	1.233090E+0	6.581718E+0
8.554400E+1	1.207054E+0	6.581718E+0
8.641500E+1	1.181063E+0	6.580804E+0
8.728600E+1	1.155097E+0	6.580678E+0
8.815700E+1	1.129169E+0	6.579848E+0
8.902800E+1	1.103269E+0	6.579628E+0
8.989900E+1	1.077386E+0	6.579439E+0
9.077000E+1	1.051542E+0	6.578767E+0
9.164100E+1	1.025707E+0	6.578441E+0
9.251200E+1	9.954875E-1	6.578084E+0
9.353000E+1	9.697091E-1	6.577181E+0
9.440100E+1	9.439447E-1	6.576698E+0
9.527100E+1	9.181977E-1	6.575585E+0
9.614200E+1	8.924739E-1	6.574892E+0
9.701200E+1	8.667599E-1	6.574923E+0
9.788400E+1	8.410414E-1	6.574156E+0
9.875500E+1	8.153363E-1	6.573127E+0
9.962500E+1	7.896514E-1	6.571762E+0
1.004960E+2	7.639708E-1	6.569798E+0
1.013670E+2	7.383079E-1	6.568527E+0
1.022380E+2	7.126437E-1	6.566879E+0
1.031090E+2	6.869958E-1	6.564264E+0
1.039800E+2	6.613543E-1	6.561680E+0
1.048500E+2	6.357266E-1	6.558603E+0
1.057210E+2	6.100984E-1	6.554497E+0
1.065920E+2	5.844812E-1	6.550674E+0
1.074630E+2	5.588808E-1	6.544919E+0
1.083340E+2	5.332748E-1	6.538187E+0
1.092050E+2	5.076911E-1	6.530300E+0
1.100760E+2	4.821096E-1	6.521163E+0
1.109470E+2	4.565405E-1	6.509160E+0
1.118180E+2	4.309768E-1	6.494908E+0
1.126880E+2	4.054234E-1	6.476456E+0
1.135590E+2	3.798811E-1	6.451199E+0
1.144290E+2	3.543483E-1	6.418727E+0
1.153000E+2	3.288267E-1	6.372634E+0
1.161720E+2	3.033100E-1	6.312541E+0
1.170420E+2	2.778018E-1	6.235696E+0
1.179130E+2	2.523039E-1	6.127767E+0
1.187830E+2	2.268080E-1	5.980519E+0
1.196540E+2	2.013233E-1	5.764010E+0
1.205250E+2	1.758520E-1	5.454979E+0
1.213950E+2	1.503845E-1	5.017161E+0
1.222660E+2	1.249307E-1	4.576540E+0
1.231370E+2	7.066930E-2	3.853559E+0
1.241530E+2	5.066914E-2	3.669081E+0
1.250240E+2	3.211067E-2	3.537050E+0
1.258950E+2	1.356025E-2	3.437701E+0
1.267660E+2	-2.260220E-4	3.411888E+0
1.277030E+2	-2.849618E-4	3.395294E+0
1.285740E+2	-3.103475E-4	3.383291E+0
1.294450E+2	-3.165908E-4	3.375320E+0
1.303150E+2	-3.206945E-4	3.373282E+0
1.311860E+2	-3.239800E-4	3.363179E+0
1.320570E+2	-3.265320E-4	3.357004E+0
1.329280E+2	-3.285198E-4	3.350472E+0
1.337990E+2	-3.303861E-4	3.343226E+0
1.346700E+2	-3.320528E-4	3.345505E+0
1.355410E+2	-3.330445E-4	3.347647E+0
1.364120E+2	-3.344030E-4	3.345652E+0
1.372830E+2	-3.353752E-4	3.342742E+0
1.381540E+2	-3.362519E-4	3.344003E+0
1.390250E+2	-3.370071E-4	3.348487E+0
1.398960E+2	-3.377210E-4	3.354358E+0
1.407670E+2	-3.380552E-4	3.360879E+0
1.416380E+2	-3.388560E-4	3.364996E+0
1.425090E+2	-3.391945E-4	3.370573E+0
1.433800E+2	-3.397935E-4	3.374364E+0
1.442510E+2	-3.401711E-4	3.379205E+0
1.451220E+2	-3.405769E-4	3.390852E+0
1.459930E+2	-3.409198E-4	3.404725E+0
1.468640E+2	-3.415382E-4	3.411699E+0
1.477350E+2	-3.416966E-4	3.420657E+0
1.486060E+2	-3.420569E-4	3.429783E+0
1.494770E+2	-3.425018E-4	3.440526E+0
1.503490E+2	-3.427123E-4	3.456342E+0
1.512200E+2	-3.431680E-4	3.472453E+0
1.520910E+2	-3.433676E-4	3.484603E+0
1.529620E+2	-3.435499E-4	3.496366E+0
1.538330E+2	-3.435521E-4	3.511488E+0
1.547030E+2	-3.439904E-4	3.524647E+0
1.555740E+2	-3.440100E-4	3.545567E+0
1.564450E+2	-3.444288E-4	3.566792E+0
1.573160E+2	-3.444418E-4	3.582377E+0
1.581870E+2	-3.445764E-4	3.586504E+0
1.590600E+2	-3.447890E-4	3.616960E+0
1.599350E+2	-3.447912E-4	3.632818E+0
1.608050E+2	-3.448889E-4	3.657603E+0
1.616760E+2	-3.452860E-4	3.681589E+0
1.625470E+2	-3.452795E-4	3.699337E+0
1.634180E+2	-3.454531E-4	3.716508E+0
1.642880E+2	-3.457547E-4	3.739035E+0
1.651590E+2	-3.458567E-4	3.760249E+0
1.660300E+2	-3.458545E-4	3.788688E+0
1.669010E+2	-3.458437E-4	3.816151E+0
1.677720E+2	-3.459934E-4	3.833584E+0
1.686440E+2	-3.463385E-4	3.854252E+0
1.695150E+2	-3.462821E-4	3.880434E+0
1.703860E+2	-3.462061E-4	3.906248E+0
1.712570E+2	-3.468007E-4	3.939854E+0
1.721280E+2	-3.466032E-4	3.969092E+0
1.729990E+2	-3.466662E-4	3.985139E+0
1.738700E+2	-3.466076E-4	4.012286E+0
1.747410E+2	-3.466683E-4	4.041335E+0
1.756120E+2	-3.466900E-4	4.062412E+0
1.764830E+2	-3.469157E-4	4.098697E+0
1.773540E+2	-3.468918E-4	4.127346E+0
1.782250E+2	-3.468159E-4	4.151784E+0
1.790960E+2	-3.468463E-4	4.183805E+0
1.799670E+2	-3.468289E-4	4.227937E+0
1.808380E+2	-3.468593E-4	4.258886E+0
1.817090E+2	-3.468984E-4	4.283766E+0
1.825800E+2	-3.472760E-4	4.308897E+0
1.834510E+2	-3.471501E-4	4.331424E+0
1.843210E+2	-3.471892E-4	4.358739E+0
1.851920E+2	-3.475233E-4	4.392881E+0
1.860640E+2	-3.475711E-4	4.417414E+0
1.869350E+2	-3.476232E-4	4.436906E+0
1.878060E+2	-3.476557E-4	4.458918E+0
1.886770E+2	-3.477404E-4	4.479428E+0
1.895480E+2	-3.478858E-4	4.506219E+0
1.904180E+2	-3.480138E-4	4.530436E+0
1.912890E+2	-3.479964E-4	4.545675E+0
1.921600E+2	-3.479660E-4	4.558981E+0
1.930310E+2	-3.479509E-4	4.575091E+0
1.939020E+2	-3.481375E-4	4.588680E+0
1.947730E+2	-3.481809E-4	4.601304E+0
1.956440E+2	-3.482590E-4	4.613769E+0
1.965150E+2	-3.483870E-4	4.616595E+0
1.973860E+2	-3.482091E-4	4.622077E+0
1.982570E+2	-3.482178E-4	4.629953E+0
1.991280E+2	-3.487299E-4	4.633849E+0
1.999990E+2	-3.485498E-4	4.639751E+0
2.008700E+2	-3.485172E-4	4.647544E+0
2.017420E+2	-3.487343E-4	4.649571E+0
2.026130E+2	-3.487560E-4	4.653562E+0
2.034850E+2	-3.488102E-4	4.661827E+0
2.043560E+2	-3.486475E-4	4.667613E+0
2.052270E+2	-3.489165E-4	4.670921E+0
2.060980E+2	-3.488948E-4	4.683440E+0
